
Tabla de aproximaciones para el método Naive f1:
   Iteración                                          xk      f(xk)         Error  Norma del gradiente
0          1                                 [-3.0, 1.0]  95.500000  1.132089e-01           113.208878
1          2                            [-2.888, 0.9835]  83.353432  1.015299e-01           101.529926
2          3          [-2.787716035712, 0.9676427509685]  73.544640  9.180761e-02            91.807609
3       1397  [-1.0145433632408802, -1.0444528301368758]  -1.511319  1.011136e-06             0.001011
4       1398   [-1.014544103785332, -1.0444535056141204]  -1.511319  1.002335e-06             0.001002
5       1399  [-1.0145448378847928, -1.0444541752111478]  -1.511319  9.936107e-07             0.000994


Tabla de aproximaciones para el método Naive Rosembrock 2D:
   Iteración                                        xk      f(xk)     Error  Norma del gradiente
0          1                               [-1.2, 1.0]  24.200000  0.232868           232.867688
1          2              [-0.9843999999999999, 1.088]   5.352912  0.049031            49.030587
2          3    [-1.0272715665664, 1.0642086720000001]   4.117790  0.001826             1.826163
3       1999  [0.7202882221920779, 0.5175032129936646]   0.078411  0.000319             0.319269
4       2000   [0.720469664408991, 0.5177655950006566]   0.078309  0.000319             0.319007
5       2001  [0.7206509274071017, 0.5180277834672461]   0.078208  0.000319             0.318746


Tabla de aproximaciones para el método Naive Rosembrock 10D:
   Iteración                                                                  xk      f(xk)         Error  Norma del gradiente
0          1                 [-1.2, 1.0, 1.0, 1.0, 1.0, 1.0, 1.0, 1.0, 1.0, 1.0]  24.200000  2.156000e-01           215.600000
1          2  [-0.9843999999999999, 1.0, 1.0, 1.0, 1.0, 1.0, 1.0, 1.0, 1.0, 1.0]   4.033675  8.220687e-03             8.220687
2          3     [-0.9926206865664, 1.0, 1.0, 1.0, 1.0, 1.0, 1.0, 1.0, 1.0, 1.0]   3.992158  1.853025e-03             1.853025
3          7  [-0.9949700881341508, 1.0, 1.0, 1.0, 1.0, 1.0, 1.0, 1.0, 1.0, 1.0]   3.989975  1.751958e-05             0.017520
4          8   [-0.994973768337243, 1.0, 1.0, 1.0, 1.0, 1.0, 1.0, 1.0, 1.0, 1.0]   3.989975  3.680203e-06             0.003680
5          9  [-0.9949745413161866, 1.0, 1.0, 1.0, 1.0, 1.0, 1.0, 1.0, 1.0, 1.0]   3.989975  7.729789e-07             0.000773


Tabla de aproximaciones para el método Aleatorio f1:
   Iteración                                         xk       f(xk)     Error  Norma del gradiente
0          1                                [-3.0, 1.0]   95.500000  0.113209           113.208878
1          2   [-3.098495686628611, 1.0558108386924836]  108.029215  0.123232           124.464757
2          3  [-2.9981912760532525, 0.9842199336282267]   95.038821  0.110711           112.925176
3       1999   [-3.194364211449764, 1.0874480925045036]  120.957809  0.006459           135.442096
4       2000  [-3.1914056395205264, 1.0932150681332347]  120.666138  0.006482           135.983996
5       2001    [-3.19597426265232, 1.0886436648642854]  121.196933  0.006463           135.657844


Tabla de aproximaciones para el método Aleatorio Rosembrock 2D:
   Iteración                                         xk      f(xk)     Error  Norma del gradiente
0          1                                [-1.2, 1.0]  24.200000  0.232868           232.867688
1          2  [-1.0425502142656153, 1.1715719236127997]   4.888759  0.035165            35.516218
2          3    [-1.007457756208721, 1.173822822560499]   6.553273  0.066561            67.891901
3       1999   [-1.0894211904123232, 1.194378968770774]   4.371367  0.000084             1.754371
4       2000  [-1.0895027553692385, 1.1943609201791388]   4.371416  0.000084             1.752627
5       2001  [-1.0894246099789788, 1.1943919470880202]   4.371389  0.000084             1.764830


Tabla de aproximaciones para el método Aleatorio Rosembrock 10D:
   Iteración                                                                                                                                                                                                            xk         f(xk)         Error  Norma del gradiente
0          1                                                                                                                                                           [-1.2, 1.0, 1.0, 1.0, 1.0, 1.0, 1.0, 1.0, 1.0, 1.0]  2.420000e+01      0.215600         2.156000e+02
1          2          [-1.2221375917045, 1.057019386891888, 1.000750444463319, 1.0095200030384144, 1.0154320645121429, 1.1527579057173842, 0.8710281050444992, 1.0353549385250642, 0.9683851934368837, 1.0139477307272147]  5.715927e+01      0.327406         3.306801e+02
2          3       [-1.2426570335064049, 1.0368178777448103, 1.1376406266405477, 0.9854629859808369, 1.1809782809849132, 1.039762779602245, 0.6840102530495111, 1.1069994560076084, 1.049772004091088, 1.0020297965792688]  1.185727e+02      0.424882         4.333801e+02
3       1999  [-14826.841287498655, 23866.207710699695, -15370.294754117182, -10329.756994743344, -21343.819435471287, -20425.042275359876, 5513.489082549988, 34502.792835652996, -537.0048430213196, -8086.259773494888]  9.060909e+10  57417.999589         1.204055e+09
4       2000        [-1147.8780429042622, -29684.625206233843, 36511.876716017156, 15520.03876210157, -5675.0328126271, -763.8698630989032, -23322.62910917164, 13776.624378570175, 5536.116834475071, 4600.0411986208965]  8.980909e+10  57390.631620         1.204055e+09
5       2001         [-2245.401946573493, 10084.923035171945, 6482.293804602831, 37123.474431193, 11759.363427853648, 11575.744525254036, -15914.65861407071, 31604.142893339602, -13725.504496595591, 5664.2380883737205]  8.900909e+10  57109.491485         1.198728e+09


Tabla de aproximaciones para el método Newton Aproximado f1:
   Iteración                                          xk      f(xk)         Error  Norma del gradiente
0          1                                 [-3.0, 1.0]  95.500000  1.132089e-01           113.208878
1          2                            [-2.888, 0.9835]  83.353432  1.015299e-01           101.529926
2          3          [-2.787716035712, 0.9676427509685]  73.544640  9.180761e-02            91.807609
3       1397  [-1.0145433632408802, -1.0444528301368758]  -1.511319  1.011136e-06             0.001011
4       1398   [-1.014544103785332, -1.0444535056141204]  -1.511319  1.002335e-06             0.001002
5       1399  [-1.0145448378847928, -1.0444541752111478]  -1.511319  9.936107e-07             0.000994


Tabla de aproximaciones para el método Newton Aproximado Rosembrock 2D:
   Iteración                                        xk      f(xk)     Error  Norma del gradiente
0          1                               [-1.2, 1.0]  24.200000  0.232868           232.867688
1          2              [-0.9843999999999999, 1.088]   5.352912  0.049031            49.030587
2          3    [-1.0272715665664, 1.0642086720000001]   4.117790  0.001826             1.826163
3       1999  [0.7202882221920779, 0.5175032129936646]   0.078411  0.000319             0.319269
4       2000   [0.720469664408991, 0.5177655950006566]   0.078309  0.000319             0.319007
5       2001  [0.7206509274071017, 0.5180277834672461]   0.078208  0.000319             0.318746


Tabla de aproximaciones para el método Newton Aproximado Rosembrock 10D:
   Iteración                                                                  xk      f(xk)         Error  Norma del gradiente
0          1                 [-1.2, 1.0, 1.0, 1.0, 1.0, 1.0, 1.0, 1.0, 1.0, 1.0]  24.200000  2.156000e-01           215.600000
1          2  [-0.9843999999999999, 1.0, 1.0, 1.0, 1.0, 1.0, 1.0, 1.0, 1.0, 1.0]   4.033675  8.220687e-03             8.220687
2          3     [-0.9926206865664, 1.0, 1.0, 1.0, 1.0, 1.0, 1.0, 1.0, 1.0, 1.0]   3.992158  1.853025e-03             1.853025
3          7  [-0.9949700881341508, 1.0, 1.0, 1.0, 1.0, 1.0, 1.0, 1.0, 1.0, 1.0]   3.989975  1.751958e-05             0.017520
4          8   [-0.994973768337243, 1.0, 1.0, 1.0, 1.0, 1.0, 1.0, 1.0, 1.0, 1.0]   3.989975  3.680203e-06             0.003680
5          9  [-0.9949745413161866, 1.0, 1.0, 1.0, 1.0, 1.0, 1.0, 1.0, 1.0, 1.0]   3.989975  7.729789e-07             0.000773


Tabla de aproximaciones para el método Newton Exacto f1:
   Iteración                                          xk      f(xk)     Error  Norma del gradiente
0          1                                 [-3.0, 1.0]  95.500000  0.001443           113.208878
1          2               [-2.9990015625, 0.9989578125]  95.371043  0.001444           113.095706
2          3    [-2.9980035321280436, 0.997914690079572]  95.242246  0.001444           112.982648
3       1999   [-1.6977599998452844, -1.094533335339824]   2.763092  0.000438            15.348750
4       2000  [-1.6973230561293584, -1.0945540814780732]   2.756413  0.000437            15.333405
5       2001  [-1.6968863169006005, -1.0945747414077056]   2.749744  0.000437            15.318075


Tabla de aproximaciones para el método Naive f1:
   Iteración                                          xk      f(xk)     Error  Norma del gradiente
0          1                                 [-3.0, 1.0]  95.500000  0.113209           113.208878
1          2                            [-2.888, 0.9835]  83.353432  0.101530           101.529926
2          3          [-2.787716035712, 0.9676427509685]  73.544640  0.091808            91.807609
3        576  [-0.9237387016049887, -0.9493657787484768]  -1.442104  0.001013             1.012685
4        577   [-0.9243832849505823, -0.950138097586574]  -1.443113  0.001006             1.005964
5        578   [-0.925024352741891, -0.9509046349120944]  -1.444108  0.000999             0.999273


Tabla de aproximaciones para el método Naive Rosembrock 2D:
   Iteración                                          xk      f(xk)     Error  Norma del gradiente
0          1                                 [-1.2, 1.0]  24.200000  0.232868           232.867688
1          2                [-0.9843999999999999, 1.088]   5.352912  0.049031            49.030587
2          3      [-1.0272715665664, 1.0642086720000001]   4.117790  0.001826             1.826163
3       1055    [0.374203853811986, 0.13701797413534975]   0.392527  0.001004             1.004101
4       1056  [0.37500482232868876, 0.13762008414982824]   0.391524  0.001002             1.002041
5       1057  [0.37580352698778663, 0.13822179067381687]   0.390525  0.001000             0.999990


Tabla de aproximaciones para el método Naive Rosembrock 10D:
   Iteración                                                                  xk      f(xk)     Error  Norma del gradiente
0          1                 [-1.2, 1.0, 1.0, 1.0, 1.0, 1.0, 1.0, 1.0, 1.0, 1.0]  24.200000  0.215600           215.600000
1          2  [-0.9843999999999999, 1.0, 1.0, 1.0, 1.0, 1.0, 1.0, 1.0, 1.0, 1.0]   4.033675  0.008221             8.220687
2          3     [-0.9926206865664, 1.0, 1.0, 1.0, 1.0, 1.0, 1.0, 1.0, 1.0, 1.0]   3.992158  0.001853             1.853025
3          3     [-0.9926206865664, 1.0, 1.0, 1.0, 1.0, 1.0, 1.0, 1.0, 1.0, 1.0]   3.992158  0.008221             8.220687
4          4  [-0.9944737115540865, 1.0, 1.0, 1.0, 1.0, 1.0, 1.0, 1.0, 1.0, 1.0]   3.990074  0.001853             1.853025
5          5  [-0.9948692145597632, 1.0, 1.0, 1.0, 1.0, 1.0, 1.0, 1.0, 1.0, 1.0]   3.989979  0.000396             0.395503


Tabla de aproximaciones para el método Aleatorio f1:
   Iteración                                         xk       f(xk)     Error  Norma del gradiente
0          1                                [-3.0, 1.0]   95.500000  0.113209           113.208878
1          2  [-3.0029081174729284, 1.1131715196185137]   97.777621  0.113069           114.199225
2          3   [-3.048359971171794, 1.0096407341701645]  101.205467  0.116220           118.544034
3       1999    [-2.524118864198791, 1.127026194824295]   55.147767  0.003377            70.812018
4       2000   [-2.525468659377361, 1.1301161858191129]   55.291276  0.003372            70.743339
5       2001   [-2.528531555671966, 1.1286956618669375]   55.479559  0.003376            70.867978


Tabla de aproximaciones para el método Aleatorio Rosembrock 2D:
   Iteración                                         xk      f(xk)     Error  Norma del gradiente
0          1                                [-1.2, 1.0]  24.200000  0.232868           232.867688
1          2  [-1.1224079692147215, 1.2195605537400023]   4.666534  0.023483            23.717804
2          3  [-1.1002086913404805, 1.2119027385934968]   4.411085  0.003507             3.576796
3         84  [-1.1057567876387324, 1.2287894211631465]   4.437922  0.001320             2.402036
4         85  [-1.1048729435983355, 1.2281982797724829]   4.436046  0.001063             1.945858
5         86    [-1.105713986073997, 1.227754846537552]   4.436685  0.000951             1.749438


Tabla de aproximaciones para el método Aleatorio Rosembrock 10D:
   Iteración                                                                                                                                                                                                         xk         f(xk)         Error  Norma del gradiente
0          1                                                                                                                                                        [-1.2, 1.0, 1.0, 1.0, 1.0, 1.0, 1.0, 1.0, 1.0, 1.0]  2.420000e+01      0.215600         2.156000e+02
1          2    [-1.179270815792996, 1.1096720611438657, 0.9972311707678316, 1.0070443767796415, 1.1176835643105032, 1.0328082921993116, 0.998911038762086, 1.1147629277424942, 1.0081390507761319, 0.9238117768087811]  3.212429e+01      0.235252         2.376048e+02
2          3  [-1.3429114502767208, 1.0326710892776338, 0.8872900276912637, 0.9681879854748218, 1.1104299437530885, 1.0424649777681083, 1.0149428042530568, 1.0785734276438064, 1.0587801560974777, 0.8548024749912775]  8.696978e+01      0.455177         4.642808e+02
3       1999       [11579.531233297781, -16150.845931271897, 30345.0028007125, 57.27318758628192, -944.957963820918, 4393.979705280822, -2801.625041039729, 18217.00093311584, 26163.912438196458, -31255.133767788608]  8.083545e+10  57796.961755         1.212002e+09
4       2000    [12462.256949604465, 342.08009036881987, 34400.03893147504, -6659.517057147482, -450.2479471091402, -8965.296199662895, -32113.30656382044, 12869.508612943691, -794.5181883663515, 16174.398209701263]  9.020909e+10  53949.044381         1.131851e+09
5       2001     [-21735.4649213345, -15173.718458873716, -25353.894169396197, 28777.00536781504, 26893.831624750834, 9129.906024727889, -9880.727435771172, 440.5945080948401, -5750.0908137620545, 12041.68687768353]  8.980909e+10  57236.529662         1.201395e+09


Tabla de aproximaciones para el método Newton Aproximado f1:
   Iteración                                          xk      f(xk)     Error  Norma del gradiente
0          1                                 [-3.0, 1.0]  95.500000  0.113209           113.208878
1          2                            [-2.888, 0.9835]  83.353432  0.101530           101.529926
2          3          [-2.787716035712, 0.9676427509685]  73.544640  0.091808            91.807609
3        576  [-0.9237387016049887, -0.9493657787484768]  -1.442104  0.001013             1.012685
4        577   [-0.9243832849505823, -0.950138097586574]  -1.443113  0.001006             1.005964
5        578   [-0.925024352741891, -0.9509046349120944]  -1.444108  0.000999             0.999273


Tabla de aproximaciones para el método Newton Aproximado Rosembrock 2D:
   Iteración                                          xk      f(xk)     Error  Norma del gradiente
0          1                                 [-1.2, 1.0]  24.200000  0.232868           232.867688
1          2                [-0.9843999999999999, 1.088]   5.352912  0.049031            49.030587
2          3      [-1.0272715665664, 1.0642086720000001]   4.117790  0.001826             1.826163
3       1055    [0.374203853811986, 0.13701797413534975]   0.392527  0.001004             1.004101
4       1056  [0.37500482232868876, 0.13762008414982824]   0.391524  0.001002             1.002041
5       1057  [0.37580352698778663, 0.13822179067381687]   0.390525  0.001000             0.999990


Tabla de aproximaciones para el método Newton Aproximado Rosembrock 10D:
   Iteración                                                                  xk      f(xk)     Error  Norma del gradiente
0          1                 [-1.2, 1.0, 1.0, 1.0, 1.0, 1.0, 1.0, 1.0, 1.0, 1.0]  24.200000  0.215600           215.600000
1          2  [-0.9843999999999999, 1.0, 1.0, 1.0, 1.0, 1.0, 1.0, 1.0, 1.0, 1.0]   4.033675  0.008221             8.220687
2          3     [-0.9926206865664, 1.0, 1.0, 1.0, 1.0, 1.0, 1.0, 1.0, 1.0, 1.0]   3.992158  0.001853             1.853025
3          3     [-0.9926206865664, 1.0, 1.0, 1.0, 1.0, 1.0, 1.0, 1.0, 1.0, 1.0]   3.992158  0.008221             8.220687
4          4  [-0.9944737115540865, 1.0, 1.0, 1.0, 1.0, 1.0, 1.0, 1.0, 1.0, 1.0]   3.990074  0.001853             1.853025
5          5  [-0.9948692145597632, 1.0, 1.0, 1.0, 1.0, 1.0, 1.0, 1.0, 1.0, 1.0]   3.989979  0.000396             0.395503


Tabla de aproximaciones para el método Newton Exacto f1:
   Iteración                                          xk      f(xk)     Error  Norma del gradiente
0          1                                 [-3.0, 1.0]  95.500000  0.001443           113.208878
1          2               [-2.9990015625, 0.9989578125]  95.371043  0.001444           113.095706
2          3    [-2.9980035321280436, 0.997914690079572]  95.242246  0.001444           112.982648
3        592  [-2.5380490775192404, -0.8303185419757809]  34.126006  0.001002            62.699469
4        593  [-2.5372790667751164, -0.8309570379764143]  34.072894  0.001000            62.636787
5        594  [-2.5365092948012564, -0.8315936586694167]  34.019866  0.000999            62.574167


Tabla de aproximaciones para el método Naive f1:
   Iteración                                          xk      f(xk)         Error  Norma del gradiente
0          1                                 [-3.0, 1.0]  95.500000  1.132089e-01           113.208878
1          2                            [-2.888, 0.9835]  83.353432  1.015299e-01           101.529926
2          3          [-2.787716035712, 0.9676427509685]  73.544640  9.180761e-02            91.807609
3       1397  [-1.0145433632408802, -1.0444528301368758]  -1.511319  1.011136e-06             0.001011
4       1398   [-1.014544103785332, -1.0444535056141204]  -1.511319  1.002335e-06             0.001002
5       1399  [-1.0145448378847928, -1.0444541752111478]  -1.511319  9.936107e-07             0.000994


Tabla de aproximaciones para el método Naive Rosembrock 2D:
   Iteración                                        xk      f(xk)     Error  Norma del gradiente
0          1                               [-1.2, 1.0]  24.200000  0.232868           232.867688
1          2              [-0.9843999999999999, 1.088]   5.352912  0.049031            49.030587
2          3    [-1.0272715665664, 1.0642086720000001]   4.117790  0.001826             1.826163
3       1999  [0.7202882221920779, 0.5175032129936646]   0.078411  0.000319             0.319269
4       2000   [0.720469664408991, 0.5177655950006566]   0.078309  0.000319             0.319007
5       2001  [0.7206509274071017, 0.5180277834672461]   0.078208  0.000319             0.318746


Tabla de aproximaciones para el método Naive Rosembrock 10D:
   Iteración                                                                  xk      f(xk)         Error  Norma del gradiente
0          1                 [-1.2, 1.0, 1.0, 1.0, 1.0, 1.0, 1.0, 1.0, 1.0, 1.0]  24.200000  2.156000e-01           215.600000
1          2  [-0.9843999999999999, 1.0, 1.0, 1.0, 1.0, 1.0, 1.0, 1.0, 1.0, 1.0]   4.033675  8.220687e-03             8.220687
2          3     [-0.9926206865664, 1.0, 1.0, 1.0, 1.0, 1.0, 1.0, 1.0, 1.0, 1.0]   3.992158  1.853025e-03             1.853025
3          7  [-0.9949700881341508, 1.0, 1.0, 1.0, 1.0, 1.0, 1.0, 1.0, 1.0, 1.0]   3.989975  1.751958e-05             0.017520
4          8   [-0.994973768337243, 1.0, 1.0, 1.0, 1.0, 1.0, 1.0, 1.0, 1.0, 1.0]   3.989975  3.680203e-06             0.003680
5          9  [-0.9949745413161866, 1.0, 1.0, 1.0, 1.0, 1.0, 1.0, 1.0, 1.0, 1.0]   3.989975  7.729789e-07             0.000773


Tabla de aproximaciones para el método Aleatorio f1:
   Iteración                                         xk      f(xk)     Error  Norma del gradiente
0          1                                [-3.0, 1.0]  95.500000  0.113209           113.208878
1          2  [-2.9611598370590646, 1.1063376308872903]  93.041497  0.108645           109.731642
2          3   [-3.0323367042408327, 1.024254557170842]  99.585508  0.114568           116.859665
3       1999   [-2.787789264097676, 0.6514688472887388]  69.170884  0.004281            89.781486
4       2000   [-2.783761645922325, 0.6499678033447663]  68.792975  0.004298            90.177012
5       2001  [-2.7875020209742414, 0.6520441855660299]  69.152586  0.004278            89.796409


Tabla de aproximaciones para el método Aleatorio Rosembrock 2D:
   Iteración                                         xk      f(xk)     Error  Norma del gradiente
0          1                                [-1.2, 1.0]  24.200000  0.232868           232.867688
1          2  [-0.9761250488124644, 0.9359112628398831]   3.933661  0.010973            11.082862
2          3   [-0.9849992064872085, 0.942365635108557]   4.017828  0.015638            15.950677
3       1999   [-0.946875705961234, 0.8969456946439341]   3.790339  0.000173             3.631896
4       2000  [-0.9467492216765638, 0.8968191601376226]   3.789856  0.000179             3.753559
5       2001   [-0.9469033867724231, 0.896732603744856]   3.790434  0.000177             3.711070


Tabla de aproximaciones para el método Aleatorio Rosembrock 10D:
   Iteración                                                                                                                                                                                                          xk         f(xk)         Error  Norma del gradiente
0          1                                                                                                                                                         [-1.2, 1.0, 1.0, 1.0, 1.0, 1.0, 1.0, 1.0, 1.0, 1.0]  2.420000e+01      0.215600         2.156000e+02
1          2     [-1.155166926465468, 1.0769874611108745, 0.9879898179438049, 0.9160096964964978, 0.9208951737515156, 0.8565063625463636, 1.0190412638327622, 0.994716562746959, 0.9790753289449637, 1.0605916411043614]  2.469556e+01      0.182977         1.848068e+02
2          3     [-1.1482622388836978, 1.1497650943690212, 0.9054071757918868, 0.9350103344451671, 0.8994526961679316, 0.8106294905020534, 0.955223149450425, 1.0885827833056905, 0.9796073251451274, 1.134801052944165]  4.557422e+01      0.265414         2.707219e+02
3       1999      [-7321.849766169227, 47718.914226091045, 7947.455108792434, -4619.741129438485, -6593.089884958977, -6885.77364318667, 15613.190612443672, 15818.93383468201, 16443.440683957997, -2234.4763401217224]  8.980909e+10  57036.516328         1.196056e+09
4       2000    [-2136.765873305239, 17511.496588890266, 12426.411324518802, -2046.3651622201867, 27579.4752244803, 5474.9665717047355, 12459.74910370522, -23004.334336608208, 26852.631832738734, -24636.835665823713]  8.940909e+10  57136.715522         1.198728e+09
5       2001  [37053.399783935965, -2280.0935574371615, 13333.27765042291, 3540.2521963111353, -1973.2215152845515, 1407.1225260464316, 32094.246062639733, -17783.74411953803, 12164.672380646583, -13688.498739515775]  8.980909e+10  56982.173141         1.196056e+09


Tabla de aproximaciones para el método Newton Aproximado f1:
   Iteración                                          xk      f(xk)         Error  Norma del gradiente
0          1                                 [-3.0, 1.0]  95.500000  1.132089e-01           113.208878
1          2                            [-2.888, 0.9835]  83.353432  1.015299e-01           101.529926
2          3          [-2.787716035712, 0.9676427509685]  73.544640  9.180761e-02            91.807609
3       1397  [-1.0145433632408802, -1.0444528301368758]  -1.511319  1.011136e-06             0.001011
4       1398   [-1.014544103785332, -1.0444535056141204]  -1.511319  1.002335e-06             0.001002
5       1399  [-1.0145448378847928, -1.0444541752111478]  -1.511319  9.936107e-07             0.000994


Tabla de aproximaciones para el método Newton Aproximado Rosembrock 2D:
   Iteración                                        xk      f(xk)     Error  Norma del gradiente
0          1                               [-1.2, 1.0]  24.200000  0.232868           232.867688
1          2              [-0.9843999999999999, 1.088]   5.352912  0.049031            49.030587
2          3    [-1.0272715665664, 1.0642086720000001]   4.117790  0.001826             1.826163
3       1999  [0.7202882221920779, 0.5175032129936646]   0.078411  0.000319             0.319269
4       2000   [0.720469664408991, 0.5177655950006566]   0.078309  0.000319             0.319007
5       2001  [0.7206509274071017, 0.5180277834672461]   0.078208  0.000319             0.318746


Tabla de aproximaciones para el método Newton Aproximado Rosembrock 10D:
   Iteración                                                                  xk      f(xk)         Error  Norma del gradiente
0          1                 [-1.2, 1.0, 1.0, 1.0, 1.0, 1.0, 1.0, 1.0, 1.0, 1.0]  24.200000  2.156000e-01           215.600000
1          2  [-0.9843999999999999, 1.0, 1.0, 1.0, 1.0, 1.0, 1.0, 1.0, 1.0, 1.0]   4.033675  8.220687e-03             8.220687
2          3     [-0.9926206865664, 1.0, 1.0, 1.0, 1.0, 1.0, 1.0, 1.0, 1.0, 1.0]   3.992158  1.853025e-03             1.853025
3          7  [-0.9949700881341508, 1.0, 1.0, 1.0, 1.0, 1.0, 1.0, 1.0, 1.0, 1.0]   3.989975  1.751958e-05             0.017520
4          8   [-0.994973768337243, 1.0, 1.0, 1.0, 1.0, 1.0, 1.0, 1.0, 1.0, 1.0]   3.989975  3.680203e-06             0.003680
5          9  [-0.9949745413161866, 1.0, 1.0, 1.0, 1.0, 1.0, 1.0, 1.0, 1.0, 1.0]   3.989975  7.729789e-07             0.000773


Tabla de aproximaciones para el método Newton Exacto f1:
   Iteración                                          xk      f(xk)     Error  Norma del gradiente
0          1                                 [-3.0, 1.0]  95.500000  0.001443           113.208878
1          2               [-2.9990015625, 0.9989578125]  95.371043  0.001444           113.095706
2          3    [-2.9980035321280436, 0.997914690079572]  95.242246  0.001444           112.982648
3       1999   [-1.6977599998452844, -1.094533335339824]   2.763092  0.000438            15.348750
4       2000  [-1.6973230561293584, -1.0945540814780732]   2.756413  0.000437            15.333405
5       2001  [-1.6968863169006005, -1.0945747414077056]   2.749744  0.000437            15.318075

